lastAccountName: stripcheese
timestamps:
  login: 1619641410921
  logout: 1619641438620
ipAddress: 127.0.0.1
lastlocation:
  world: world
  x: 112.0
  y: 72.0
  z: -80.0
  yaw: 0.0
  pitch: 0.0
logoutlocation:
  world: world
  x: 113.20169649800285
  y: 72.0
  z: -78.41944356168354
  yaw: -58.950222
  pitch: 3.6000113
